[app/ui]
version = 6.6.2
modtime = 1501233603.325179000

[app/launcher]
version = 6.6.2
modtime = 1501233603.330791000

[app/package/check_for_updates]
version = 6.6.2
modtime = 1501233603.333705000
